[?25l[0m [38;2;0;0;0m  [0m [38;2;189;149;152m▄[38;2;240;184;190m▆[38;2;156;156;168m▂[38;2;170;210;227m▃[38;2;169;207;224m▖                   [0m
 [38;2;0;0;0m [0m [7m[38;2;167;134;138m▘[0m[38;2;164;183;212;48;2;232;187;193m▃[38;2;214;165;173;48;2;178;207;227m▔[38;2;175;217;235;48;2;180;223;242m▔[38;2;132;157;168;48;2;171;211;229m▗[0m[38;2;174;214;232m▃[38;2;171;211;229m▃[0m [38;2;70;82;88m                 [0m
  [7m[38;2;216;171;180m▍[0m[38;2;242;193;204;48;2;198;158;177m▅[38;2;236;158;176;48;2;163;172;211m▅[38;2;188;152;185;48;2;123;162;212m▖[38;2;102;150;207;48;2;150;204;237m▖[38;2;70;94;106;48;2;163;213;237m▁[0m[7m[38;2;171;213;232m▃[38;2;154;189;205m▅[0m [38;2;40;46;48m      [38;2;121;100;102m▁[38;2;201;157;162m▂[38;2;178;140;144m▂        [0m
 [7m[38;2;204;205;206m▘[0m[38;2;244;245;247;48;2;246;247;249m▏ [38;2;167;130;160;48;2;236;203;212m▗[38;2;134;129;168;48;2;233;152;172m▞[38;2;233;150;169;48;2;126;146;185m▆[0m[38;2;161;114;125m▍     [0m [38;2;194;136;147m▂[38;2;217;163;171m▅[38;2;243;188;193m▆[38;2;230;179;184;48;2;244;190;195m▔[38;2;243;186;192;48;2;244;189;195m▁[0m[7m[38;2;178;140;144m▗[0m[38;2;6;6;6m        [0m
[7m[38;2;210;211;212m▍[0m[38;2;250;251;253;48;2;246;247;249m▄[38;2;213;168;179;48;2;244;244;246m▗[38;2;232;159;175;48;2;232;225;228m▆[38;2;128;105;131;48;2;99;122;176m▎[38;2;88;107;154;48;2;232;148;166m▍[38;2;232;143;160;48;2;239;155;173m▁[0m[38;2;197;132;146m▎ [0m [38;2;33;33;33m [0m [38;2;209;137;153m▗[38;2;230;149;167;48;2;102;73;80m▆[38;2;170;125;152;48;2;238;154;172m▁[38;2;217;141;159;48;2;239;158;174m▁[38;2;238;155;173;48;2;243;181;189m▆[38;2;223;143;161;48;2;240;166;179m▁[0m[7m[38;2;182;129;139m▗[0m [38;2;21;19;19m      [0m [38;2;1;1;1m [0m
[38;2;252;252;253m▝[38;2;210;198;201;48;2;245;246;247m▕[38;2;190;139;153;48;2;206;165;177m▗[38;2;229;135;154;48;2;239;155;173m▗[38;2;184;109;124;48;2;99;117;168m▏[38;2;133;107;140;48;2;187;120;146m▖[38;2;175;113;126;48;2;223;126;144m▗[0m[38;2;94;88;91m▁[7m[38;2;212;212;208m▘[0m[38;2;162;162;159;48;2;245;245;240m▔[0m[38;2;211;208;204m▖[7m[38;2;194;128;143m▘[0m[38;2;138;124;163;48;2;230;149;169m▗[38;2;112;121;170;48;2;218;143;163m▆[38;2;222;146;166;48;2;113;117;162m▗[38;2;226;145;163;48;2;239;155;173m▔[38;2;239;155;173;48;2;232;150;168m▁[0m[7m[38;2;210;137;153m▗[0m [38;2;93;69;74m   [38;2;73;81;101m▁[38;2;95;136;182m▃[38;2;131;181;212m▅[38;2;176;218;238m▆[38;2;78;87;91;48;2;143;173;186m▕[0m[38;2;102;120;128m▂[0m
 [7m[38;2;123;122;123m▆[0m[38;2;155;123;130;48;2;191;145;156m▏[38;2;184;125;139;48;2;217;128;145m▎[38;2;125;113;154;48;2;175;118;144m▔[38;2;160;110;134;48;2;220;127;144m▏[38;2;213;126;142;48;2;195;148;162m▏[38;2;175;160;167;48;2;208;195;201m▔[38;2;251;251;248;48;2;250;250;245m▂[38;2;250;243;239;48;2;245;203;205m▌[38;2;192;128;139;48;2;234;181;186m▕[38;2;89;108;156;48;2;171;123;153m▁[38;2;124;113;137;48;2;101;119;170m▁[38;2;241;214;214;48;2;155;125;157m▁[38;2;228;227;224;48;2;234;150;169m▂[38;2;241;241;237;48;2;215;149;163m▁[0m[7m[38;2;183;121;135m▅[0m [38;2;11;10;10m [0m [38;2;176;176;177m▃[38;2;242;243;244m▅[38;2;201;136;150;48;2;247;218;225m▔[38;2;146;150;197;48;2;235;165;183m▔[38;2;105;100;113;48;2;143;167;208m▁[0m[7m[38;2;168;206;224m▃[38;2;160;196;212m▅[0m[38;2;121;145;156m▔[0m
  [7m[38;2;164;113;124m▌[0m[38;2;218;168;178;48;2;235;155;171m▁[38;2;230;197;202;48;2;231;148;164m▄[38;2;226;211;214;48;2;236;174;182m▁[38;2;242;177;186;48;2;244;189;194m▂[38;2;223;154;167;48;2;229;199;203m▁[38;2;241;242;243;48;2;251;251;253m▁[38;2;249;244;245;48;2;236;173;185m▍[38;2;215;139;156;48;2;229;158;171m▁[38;2;240;160;176;48;2;130;120;145m▆[38;2;240;162;178;48;2;237;180;187m▅[38;2;243;183;191;48;2;247;237;238m▘[38;2;248;249;250;48;2;250;251;247m▆[0m[7m[38;2;236;237;238m▗[0m  [38;2;211;212;213m▃[38;2;241;242;243m▆[38;2;247;248;250;48;2;251;251;253m▂[38;2;244;245;247;48;2;249;250;252m▁[38;2;163;133;140;48;2;242;237;240m▗[0m[7m[38;2;202;163;171m▅[0m [38;2;49;43;45m   [0m
 [38;2;0;0;0m [7m[38;2;199;184;188m▌[0m[38;2;139;197;226;48;2;228;228;231m▗[38;2;166;210;232;48;2;249;250;252m▆[38;2;214;226;233;48;2;231;235;238m▁[38;2;215;174;183;48;2;236;200;208m▗[38;2;225;168;180;48;2;237;153;171m▁[38;2;237;234;237;48;2;220;158;172m▃[38;2;147;170;180;48;2;230;199;207m▁[38;2;224;180;191;48;2;179;147;154m▊[38;2;236;234;236;48;2;238;155;174m▆[38;2;189;167;170;48;2;241;235;238m▁[38;2;233;222;225;48;2;235;228;231m▕[38;2;157;155;155;48;2;202;194;196m▕[0m[38;2;245;246;248m▃[38;2;237;237;239m▅[38;2;160;160;161;48;2;244;245;247m▔[38;2;247;248;250;48;2;246;247;249m▘[38;2;230;231;232m▂[48;2;241;242;243m [38;2;241;241;242;48;2;205;147;160m▋[38;2;236;151;170;48;2;238;152;171m▔[0m[38;2;176;118;130m▍    [0m
  [38;2;78;78;77;48;2;237;238;240m▏[38;2;157;193;210;48;2;188;218;233m▘[38;2;225;242;249;48;2;174;213;232m▝[38;2;197;223;236;48;2;209;222;230m▏[38;2;188;170;174;48;2;245;246;247m▕[38;2;218;177;187;48;2;243;244;246m▘[38;2;183;184;184;48;2;200;222;234m▏[38;2;196;230;247;48;2;131;203;238m▎[38;2;161;161;161;48;2;218;226;231m▕[38;2;184;183;183;48;2;253;253;253m▏[38;2;253;253;253;48;2;214;203;204m▆[38;2;220;203;205;48;2;242;236;237m▘[38;2;241;230;232;48;2;240;239;240m▔[48;2;240;241;242m [38;2;254;254;254;48;2;240;240;241m▁[38;2;245;245;246;48;2;243;243;244m▕[38;2;246;246;246;48;2;244;244;244m▕[38;2;229;229;229;48;2;253;253;253m▔[48;2;254;254;254m [38;2;228;157;173;48;2;231;184;195m▁[38;2;239;153;172;48;2;239;156;174m▃[0m[38;2;228;149;166m▌    [0m
 [38;2;0;0;0m [38;2;231;230;232m▝[38;2;178;176;177;48;2;235;234;234m▏[38;2;225;219;219;48;2;244;245;247m▂[38;2;246;245;246;48;2;241;242;244m▁[38;2;216;216;217;48;2;234;234;235m▔[38;2;240;240;240;48;2;241;241;240m▏[38;2;174;209;225;48;2;217;225;228m▔[38;2;239;241;244;48;2;168;210;229m▅[38;2;201;201;201;48;2;234;234;236m▕[38;2;251;250;250;48;2;253;253;253m▏[38;2;231;231;232;48;2;249;249;249m▂[48;2;244;244;244m [38;2;249;250;251;48;2;231;231;231m▆[38;2;209;202;203;48;2;244;244;245m▁[38;2;206;179;184;48;2;241;241;242m▁[38;2;204;183;190;48;2;243;243;243m▁[38;2;250;250;250;48;2;254;254;254m▁[38;2;237;235;236;48;2;253;253;253m▁[38;2;229;169;183;48;2;239;229;231m▄[38;2;226;148;165;48;2;239;154;173m▏[38;2;210;140;155;48;2;239;153;172m▕[0m[38;2;148;101;111m▘    [0m
 [38;2;0;0;0m [0m [38;2;161;161;160;48;2;249;250;249m▏[38;2;241;165;180;48;2;241;201;206m▗[38;2;229;173;182;48;2;225;175;183m▏[38;2;241;166;181;48;2;239;189;195m▄[38;2;250;250;252;48;2;250;250;246m▆[38;2;233;233;233;48;2;215;206;208m▔[38;2;212;207;208;48;2;243;243;243m▁[38;2;245;245;245m▏[38;2;234;234;234;48;2;244;245;246m▔[38;2;248;248;249;48;2;251;252;253m▕[38;2;239;239;239;48;2;241;242;243m▁[38;2;254;254;254;48;2;238;238;238m▁[38;2;218;191;195;48;2;240;233;234m▔[38;2;231;215;217;48;2;218;193;200m▏[38;2;188;145;161;48;2;207;178;193m▁[38;2;202;129;146;48;2;212;203;208m▄[38;2;224;191;198;48;2;220;128;146m▘[38;2;213;119;137;48;2;225;133;152m▖[38;2;215;121;140;48;2;222;131;149m▁[0m[38;2;175;109;123m▋     [0m
 [38;2;0;0;0m [0m [7m[38;2;225;225;226m▘[0m[38;2;204;204;204;48;2;244;229;234m▂[38;2;246;236;239;48;2;221;176;185m▁[38;2;243;181;194;48;2;231;217;219m▘[38;2;240;235;237;48;2;229;226;227m▏[38;2;216;213;214;48;2;230;223;225m▏[38;2;202;192;193;48;2;239;239;241m▔[38;2;212;213;214;48;2;250;250;252m▂[38;2;240;240;242;48;2;237;238;239m▏[38;2;236;237;238;48;2;234;234;236m▏[38;2;245;246;248;48;2;222;222;223m▆[38;2;189;188;188;48;2;246;247;249m▔[38;2;191;191;191m▔[38;2;202;195;199;48;2;236;234;237m▔[38;2;233;228;231;48;2;209;132;148m▄[38;2;195;173;185;48;2;214;119;137m▃[38;2;69;62;66;48;2;211;135;152m▗[0m[7m[38;2;215;122;140m▅[38;2;126;80;88m▆[0m[38;2;1;1;1m      [0m
  [7m[38;2;240;240;242m▘[0m[38;2;227;227;227;48;2;236;237;238m▕[38;2;248;249;251;48;2;225;225;226m▕[38;2;247;248;250;48;2;248;249;251m▃[38;2;242;233;235;48;2;246;247;249m▔[38;2;232;232;234;48;2;245;246;248m▁[48;2;246;247;249m [38;2;246;247;249;48;2;245;246;248m▆[38;2;247;248;250;48;2;246;247;249m▁[38;2;248;249;251m▁[38;2;251;251;253;48;2;247;248;250m▁[38;2;249;250;252m▃[38;2;223;223;224;48;2;244;245;247m▕[38;2;225;225;226;48;2;242;243;245m▏[48;2;247;248;250m [38;2;251;251;253m▁[38;2;195;185;191m▝[38;2;125;82;96;48;2;193;157;172m▕[0m [38;2;53;40;44m       [0m
 [7m[38;2;170;170;170m▊[0m[38;2;247;247;249;48;2;248;249;251m▏[38;2;200;188;190;48;2;237;238;239m▗[38;2;215;204;206;48;2;231;224;225m▁[38;2;225;196;200;48;2;230;208;212m▁[38;2;234;203;208;48;2;237;222;225m▁[38;2;232;233;234;48;2;229;224;225m▔[38;2;251;252;253;48;2;247;248;250m▆[38;2;251;251;252;48;2;249;250;252m▆[38;2;234;229;231;48;2;249;250;251m▁[38;2;233;202;207;48;2;249;248;249m▂[38;2;235;209;213;48;2;249;249;251m▃[38;2;236;209;213;48;2;247;248;250m▃[38;2;224;200;204;48;2;238;234;236m▁[38;2;251;251;253;48;2;247;248;250m▆[38;2;249;250;252;48;2;251;252;253m▔[38;2;250;251;253m▝[38;2;251;252;253;48;2;250;251;253m▅[38;2;143;119;151;48;2;233;234;238m▝[0m[38;2;85;88;102m▎       [0m
  [7m[38;2;195;195;196m▄[38;2;230;229;230m▁[0m[38;2;214;191;194;48;2;221;200;207m▔[38;2;221;192;197;48;2;201;174;184m▕[38;2;231;200;205;48;2;191;175;177m▊[38;2;208;203;205;48;2;246;247;249m▏[38;2;250;250;252;48;2;249;250;252m▔[38;2;141;142;142;48;2;238;239;241m▁[0m[7m[38;2;208;197;199m▄[38;2;187;164;168m▅[38;2;180;159;162m▆[38;2;157;138;141m▖[0m[38;2;212;186;189;48;2;227;198;203m▏[38;2;210;200;202;48;2;228;209;214m▘[38;2;185;160;174;48;2;237;234;237m▁[38;2;211;212;213;48;2;250;251;253m▁[38;2;249;250;252;48;2;251;251;253m▅[48;2;250;251;253m▄[0m[38;2;191;191;192m▌       [0m
 [38;2;0;0;0m  [0m [38;2;133;130;131m▔[7m[38;2;162;143;152m▆[0m[38;2;86;79;80;48;2;223;220;221m▍[48;2;249;250;252m [38;2;195;175;186;48;2;227;222;227m▁[0m[38;2;190;168;180m▋    [38;2;148;130;139m▝[7m[38;2;195;168;183m▖[0m[38;2;193;167;181;48;2;203;174;190m▕[0m[38;2;137;121;129m▎[7m[38;2;214;215;217m▅[0m[38;2;250;251;253;48;2;247;249;251m▔[0m[38;2;234;234;236m▊       [0m
 [38;2;0;0;0m  [38;2;91;131;151m▗[38;2;125;196;232m▅[38;2;131;157;189m▅[38;2;221;198;204;48;2;241;241;243m▁[38;2;189;121;139;48;2;217;209;214m▂[38;2;184;122;142;48;2;198;171;187m▁[0m[38;2;158;131;143m▍     [7m[38;2;172;124;141m▌[0m[38;2;103;87;94;48;2;183;134;152m▕[0m [7m[38;2;186;175;178m▋[0m[38;2;217;150;165;48;2;242;230;234m▗[0m[38;2;179;175;177m▘       [0m
 [38;2;0;0;0m [0m [38;2;85;128;149m▆[38;2;139;106;111;48;2;124;173;203m▁[38;2;162;149;173;48;2;234;151;169m▘[0m[7m[38;2;196;136;153m▗[38;2;188;111;135m▖[0m[38;2;167;99;120;48;2;192;106;132m▕[0m[38;2;73;55;60m▎   [0m [38;2;157;91;111m▃[38;2;144;86;104;48;2;192;108;134m▁[0m[38;2;141;87;103m▘[38;2;158;115;123m▂[38;2;116;83;90;48;2;237;155;172m▘[0m[38;2;202;132;147m▌        [0m
 [38;2;0;0;0m  [7m[38;2;123;89;95m▋[38;2;215;159;167m▁[38;2;207;143;155m▃[0m [7m[38;2;170;97;119m▅[38;2;123;73;89m▆[0m[38;2;7;5;6m    [0m [7m[38;2;150;95;111m▆[0m[38;2;92;59;69m▔[0m [7m[38;2;206;150;159m▄[38;2;217;155;165m▅[0m [38;2;39;30;32m        [0m
[?25h